21 #SUP: 332
21 795 #SUP: 328
21 652 795 #SUP: 328
21 729 #SUP: 328
21 652 729 #SUP: 328
21 729 771 #SUP: 328
21 652 729 771 #SUP: 328
21 440 #SUP: 328
21 440 652 #SUP: 328
21 679 #SUP: 329
21 652 679 #SUP: 329
21 679 771 #SUP: 328
21 652 679 771 #SUP: 328
21 771 #SUP: 330
21 652 771 #SUP: 330
21 652 #SUP: 331
789 #SUP: 358
496 789 #SUP: 336
440 496 789 #SUP: 333
440 496 652 789 #SUP: 333
440 496 771 789 #SUP: 333
440 496 652 771 789 #SUP: 333
440 496 679 789 #SUP: 331
440 496 652 679 789 #SUP: 331
440 496 679 771 789 #SUP: 331
440 496 652 679 771 789 #SUP: 331
496 729 789 #SUP: 334
496 679 729 789 #SUP: 332
496 652 679 729 789 #SUP: 332
496 679 729 771 789 #SUP: 332
496 652 679 729 771 789 #SUP: 332
440 496 729 789 #SUP: 332
440 496 652 729 789 #SUP: 332
440 496 729 771 789 #SUP: 332
440 496 652 729 771 789 #SUP: 332
440 496 679 729 789 #SUP: 330
440 496 652 679 729 789 #SUP: 330
440 496 679 729 771 789 #SUP: 330
440 496 652 679 729 771 789 #SUP: 330
496 729 771 789 #SUP: 334
496 652 729 771 789 #SUP: 334
496 652 729 789 #SUP: 334
496 679 789 #SUP: 334
496 652 679 789 #SUP: 334
496 679 771 789 #SUP: 334
496 652 679 771 789 #SUP: 334
449 496 789 #SUP: 334
440 449 496 789 #SUP: 331
440 449 496 652 789 #SUP: 331
440 449 496 771 789 #SUP: 331
440 449 496 652 771 789 #SUP: 331
440 449 496 679 789 #SUP: 329
440 449 496 652 679 789 #SUP: 329
440 449 496 679 771 789 #SUP: 329
440 449 496 652 679 771 789 #SUP: 329
449 496 729 789 #SUP: 332
449 496 679 729 789 #SUP: 330
449 496 652 679 729 789 #SUP: 330
449 496 679 729 771 789 #SUP: 330
449 496 652 679 729 771 789 #SUP: 330
440 449 496 729 789 #SUP: 330
440 449 496 652 729 789 #SUP: 330
440 449 496 729 771 789 #SUP: 330
440 449 496 652 729 771 789 #SUP: 330
440 449 496 679 729 789 #SUP: 328
440 449 496 652 679 729 789 #SUP: 328
440 449 496 679 729 771 789 #SUP: 328
440 449 496 652 679 729 771 789 #SUP: 328
449 496 729 771 789 #SUP: 332
449 496 652 729 771 789 #SUP: 332
449 496 652 729 789 #SUP: 332
449 496 679 789 #SUP: 332
449 496 652 679 789 #SUP: 332
449 496 679 771 789 #SUP: 332
449 496 652 679 771 789 #SUP: 332
449 496 771 789 #SUP: 334
449 496 652 771 789 #SUP: 334
449 496 652 789 #SUP: 334
496 789 795 #SUP: 335
440 496 789 795 #SUP: 332
440 496 652 789 795 #SUP: 332
440 496 771 789 795 #SUP: 332
440 496 652 771 789 795 #SUP: 332
440 496 679 789 795 #SUP: 330
440 496 652 679 789 795 #SUP: 330
440 496 679 771 789 795 #SUP: 330
440 496 652 679 771 789 795 #SUP: 330
496 729 789 795 #SUP: 333
496 679 729 789 795 #SUP: 331
496 652 679 729 789 795 #SUP: 331
496 679 729 771 789 795 #SUP: 331
496 652 679 729 771 789 795 #SUP: 331
440 496 729 789 795 #SUP: 331
440 496 652 729 789 795 #SUP: 331
440 496 729 771 789 795 #SUP: 331
440 496 652 729 771 789 795 #SUP: 331
440 496 679 729 789 795 #SUP: 329
440 496 652 679 729 789 795 #SUP: 329
440 496 679 729 771 789 795 #SUP: 329
440 496 652 679 729 771 789 795 #SUP: 329
496 729 771 789 795 #SUP: 333
496 652 729 771 789 795 #SUP: 333
496 652 729 789 795 #SUP: 333
496 679 789 795 #SUP: 333
496 652 679 789 795 #SUP: 333
496 679 771 789 795 #SUP: 333
496 652 679 771 789 795 #SUP: 333
449 496 789 795 #SUP: 333
440 449 496 789 795 #SUP: 330
440 449 496 652 789 795 #SUP: 330
440 449 496 771 789 795 #SUP: 330
440 449 496 652 771 789 795 #SUP: 330
440 449 496 679 789 795 #SUP: 328
440 449 496 652 679 789 795 #SUP: 328
440 449 496 679 771 789 795 #SUP: 328
440 449 496 652 679 771 789 795 #SUP: 328
449 496 729 789 795 #SUP: 331
449 496 679 729 789 795 #SUP: 329
449 496 652 679 729 789 795 #SUP: 329
449 496 679 729 771 789 795 #SUP: 329
449 496 652 679 729 771 789 795 #SUP: 329
440 449 496 729 789 795 #SUP: 329
440 449 496 652 729 789 795 #SUP: 329
440 449 496 729 771 789 795 #SUP: 329
440 449 496 652 729 771 789 795 #SUP: 329
449 496 729 771 789 795 #SUP: 331
449 496 652 729 771 789 795 #SUP: 331
449 496 652 729 789 795 #SUP: 331
449 496 679 789 795 #SUP: 331
449 496 652 679 789 795 #SUP: 331
449 496 679 771 789 795 #SUP: 331
449 496 652 679 771 789 795 #SUP: 331
449 496 771 789 795 #SUP: 333
449 496 652 771 789 795 #SUP: 333
449 496 652 789 795 #SUP: 333
496 771 789 795 #SUP: 335
496 652 771 789 795 #SUP: 335
496 652 789 795 #SUP: 335
496 771 789 #SUP: 336
496 652 771 789 #SUP: 336
496 652 789 #SUP: 336
729 789 #SUP: 355
679 729 789 #SUP: 353
652 679 729 789 #SUP: 353
679 729 771 789 #SUP: 353
652 679 729 771 789 #SUP: 353
440 729 789 #SUP: 353
440 652 729 789 #SUP: 353
440 729 771 789 #SUP: 353
440 652 729 771 789 #SUP: 353
440 679 729 789 #SUP: 351
440 652 679 729 789 #SUP: 351
440 679 729 771 789 #SUP: 351
440 652 679 729 771 789 #SUP: 351
729 771 789 #SUP: 355
652 729 771 789 #SUP: 355
652 729 789 #SUP: 355
440 789 #SUP: 355
440 679 789 #SUP: 353
440 652 679 789 #SUP: 353
440 679 771 789 #SUP: 352
440 652 679 771 789 #SUP: 352
440 771 789 #SUP: 354
440 652 771 789 #SUP: 354
440 652 789 #SUP: 355
679 789 #SUP: 356
652 679 789 #SUP: 356
679 771 789 #SUP: 355
652 679 771 789 #SUP: 355
449 789 #SUP: 356
449 729 789 #SUP: 353
449 679 729 789 #SUP: 351
449 652 679 729 789 #SUP: 351
449 679 729 771 789 #SUP: 351
449 652 679 729 771 789 #SUP: 351
440 449 729 789 #SUP: 351
440 449 652 729 789 #SUP: 351
440 449 729 771 789 #SUP: 351
440 449 652 729 771 789 #SUP: 351
440 449 679 729 789 #SUP: 349
440 449 652 679 729 789 #SUP: 349
440 449 679 729 771 789 #SUP: 349
440 449 652 679 729 771 789 #SUP: 349
449 729 771 789 #SUP: 353
449 652 729 771 789 #SUP: 353
449 652 729 789 #SUP: 353
440 449 789 #SUP: 353
440 449 679 789 #SUP: 351
440 449 652 679 789 #SUP: 351
440 449 679 771 789 #SUP: 350
440 449 652 679 771 789 #SUP: 350
440 449 771 789 #SUP: 352
440 449 652 771 789 #SUP: 352
440 449 652 789 #SUP: 353
449 679 789 #SUP: 354
449 652 679 789 #SUP: 354
449 679 771 789 #SUP: 353
449 652 679 771 789 #SUP: 353
449 771 789 #SUP: 355
449 652 771 789 #SUP: 355
449 652 789 #SUP: 356
789 795 #SUP: 357
729 789 795 #SUP: 354
679 729 789 795 #SUP: 352
652 679 729 789 795 #SUP: 352
679 729 771 789 795 #SUP: 352
652 679 729 771 789 795 #SUP: 352
440 729 789 795 #SUP: 352
440 652 729 789 795 #SUP: 352
440 729 771 789 795 #SUP: 352
440 652 729 771 789 795 #SUP: 352
440 679 729 789 795 #SUP: 350
440 652 679 729 789 795 #SUP: 350
440 679 729 771 789 795 #SUP: 350
440 652 679 729 771 789 795 #SUP: 350
729 771 789 795 #SUP: 354
652 729 771 789 795 #SUP: 354
652 729 789 795 #SUP: 354
440 789 795 #SUP: 354
440 679 789 795 #SUP: 352
440 652 679 789 795 #SUP: 352
440 679 771 789 795 #SUP: 351
440 652 679 771 789 795 #SUP: 351
440 771 789 795 #SUP: 353
440 652 771 789 795 #SUP: 353
440 652 789 795 #SUP: 354
679 789 795 #SUP: 355
652 679 789 795 #SUP: 355
679 771 789 795 #SUP: 354
652 679 771 789 795 #SUP: 354
449 789 795 #SUP: 355
449 729 789 795 #SUP: 352
449 679 729 789 795 #SUP: 350
449 652 679 729 789 795 #SUP: 350
449 679 729 771 789 795 #SUP: 350
449 652 679 729 771 789 795 #SUP: 350
440 449 729 789 795 #SUP: 350
440 449 652 729 789 795 #SUP: 350
440 449 729 771 789 795 #SUP: 350
440 449 652 729 771 789 795 #SUP: 350
440 449 679 729 789 795 #SUP: 348
440 449 652 679 729 789 795 #SUP: 348
440 449 679 729 771 789 795 #SUP: 348
440 449 652 679 729 771 789 795 #SUP: 348
449 729 771 789 795 #SUP: 352
449 652 729 771 789 795 #SUP: 352
449 652 729 789 795 #SUP: 352
440 449 789 795 #SUP: 352
440 449 679 789 795 #SUP: 350
440 449 652 679 789 795 #SUP: 350
440 449 679 771 789 795 #SUP: 349
440 449 652 679 771 789 795 #SUP: 349
440 449 771 789 795 #SUP: 351
440 449 652 771 789 795 #SUP: 351
440 449 652 789 795 #SUP: 352
449 679 789 795 #SUP: 353
449 652 679 789 795 #SUP: 353
449 679 771 789 795 #SUP: 352
449 652 679 771 789 795 #SUP: 352
449 771 789 795 #SUP: 354
449 652 771 789 795 #SUP: 354
449 652 789 795 #SUP: 355
771 789 795 #SUP: 356
652 771 789 795 #SUP: 356
652 789 795 #SUP: 357
771 789 #SUP: 357
652 771 789 #SUP: 357
652 789 #SUP: 358
535 #SUP: 360
449 535 #SUP: 353
440 449 535 #SUP: 350
440 449 535 652 #SUP: 350
440 449 535 771 #SUP: 350
440 449 535 652 771 #SUP: 350
440 449 535 679 #SUP: 348
440 449 535 652 679 #SUP: 348
440 449 535 679 771 #SUP: 348
440 449 535 652 679 771 #SUP: 348
449 535 729 #SUP: 351
449 535 679 729 #SUP: 349
449 535 652 679 729 #SUP: 349
449 535 679 729 771 #SUP: 349
449 535 652 679 729 771 #SUP: 349
440 449 535 729 #SUP: 349
440 449 535 652 729 #SUP: 349
440 449 535 729 771 #SUP: 349
440 449 535 652 729 771 #SUP: 349
440 449 535 679 729 #SUP: 347
440 449 535 652 679 729 #SUP: 347
440 449 535 679 729 771 #SUP: 347
440 449 535 652 679 729 771 #SUP: 347
449 535 729 771 #SUP: 351
449 535 652 729 771 #SUP: 351
449 535 652 729 #SUP: 351
449 535 679 #SUP: 351
449 535 652 679 #SUP: 351
449 535 679 771 #SUP: 351
449 535 652 679 771 #SUP: 351
449 535 771 #SUP: 353
449 535 652 771 #SUP: 353
449 535 652 #SUP: 353
535 795 #SUP: 354
449 535 795 #SUP: 347
440 449 535 795 #SUP: 344
440 449 535 652 795 #SUP: 344
440 449 535 771 795 #SUP: 344
440 449 535 652 771 795 #SUP: 344
440 449 535 679 795 #SUP: 342
440 449 535 652 679 795 #SUP: 342
440 449 535 679 771 795 #SUP: 342
440 449 535 652 679 771 795 #SUP: 342
449 535 729 795 #SUP: 345
449 535 679 729 795 #SUP: 343
449 535 652 679 729 795 #SUP: 343
449 535 679 729 771 795 #SUP: 343
449 535 652 679 729 771 795 #SUP: 343
440 449 535 729 795 #SUP: 343
440 449 535 652 729 795 #SUP: 343
440 449 535 729 771 795 #SUP: 343
440 449 535 652 729 771 795 #SUP: 343
440 449 535 679 729 795 #SUP: 341
440 449 535 652 679 729 795 #SUP: 341
440 449 535 679 729 771 795 #SUP: 341
440 449 535 652 679 729 771 795 #SUP: 341
449 535 729 771 795 #SUP: 345
449 535 652 729 771 795 #SUP: 345
449 535 652 729 795 #SUP: 345
449 535 679 795 #SUP: 345
449 535 652 679 795 #SUP: 345
449 535 679 771 795 #SUP: 345
449 535 652 679 771 795 #SUP: 345
449 535 771 795 #SUP: 347
449 535 652 771 795 #SUP: 347
449 535 652 795 #SUP: 347
440 535 795 #SUP: 351
440 535 652 795 #SUP: 351
440 535 771 795 #SUP: 351
440 535 652 771 795 #SUP: 351
440 535 679 795 #SUP: 349
440 535 652 679 795 #SUP: 349
440 535 679 771 795 #SUP: 349
440 535 652 679 771 795 #SUP: 349
535 729 795 #SUP: 352
535 679 729 795 #SUP: 350
535 652 679 729 795 #SUP: 350
535 679 729 771 795 #SUP: 350
535 652 679 729 771 795 #SUP: 350
440 535 729 795 #SUP: 350
440 535 652 729 795 #SUP: 350
440 535 729 771 795 #SUP: 350
440 535 652 729 771 795 #SUP: 350
440 535 679 729 795 #SUP: 348
440 535 652 679 729 795 #SUP: 348
440 535 679 729 771 795 #SUP: 348
440 535 652 679 729 771 795 #SUP: 348
535 729 771 795 #SUP: 352
535 652 729 771 795 #SUP: 352
535 652 729 795 #SUP: 352
535 679 795 #SUP: 352
535 652 679 795 #SUP: 352
535 679 771 795 #SUP: 352
535 652 679 771 795 #SUP: 352
535 771 795 #SUP: 354
535 652 771 795 #SUP: 354
535 652 795 #SUP: 354
440 535 #SUP: 357
440 535 652 #SUP: 357
440 535 771 #SUP: 357
440 535 652 771 #SUP: 357
440 535 679 #SUP: 355
440 535 652 679 #SUP: 355
440 535 679 771 #SUP: 355
440 535 652 679 771 #SUP: 355
535 729 #SUP: 358
535 679 729 #SUP: 356
535 652 679 729 #SUP: 356
535 679 729 771 #SUP: 356
535 652 679 729 771 #SUP: 356
440 535 729 #SUP: 356
440 535 652 729 #SUP: 356
440 535 729 771 #SUP: 356
440 535 652 729 771 #SUP: 356
440 535 679 729 #SUP: 354
440 535 652 679 729 #SUP: 354
440 535 679 729 771 #SUP: 354
440 535 652 679 729 771 #SUP: 354
535 729 771 #SUP: 358
535 652 729 771 #SUP: 358
535 652 729 #SUP: 358
535 679 #SUP: 358
535 652 679 #SUP: 358
535 679 771 #SUP: 358
535 652 679 771 #SUP: 358
496 535 #SUP: 359
496 535 795 #SUP: 353
449 496 535 795 #SUP: 347
440 449 496 535 795 #SUP: 344
440 449 496 535 652 795 #SUP: 344
440 449 496 535 771 795 #SUP: 344
440 449 496 535 652 771 795 #SUP: 344
440 449 496 535 679 795 #SUP: 342
440 449 496 535 652 679 795 #SUP: 342
440 449 496 535 679 771 795 #SUP: 342
440 449 496 535 652 679 771 795 #SUP: 342
449 496 535 729 795 #SUP: 345
449 496 535 679 729 795 #SUP: 343
449 496 535 652 679 729 795 #SUP: 343
449 496 535 679 729 771 795 #SUP: 343
449 496 535 652 679 729 771 795 #SUP: 343
440 449 496 535 729 795 #SUP: 343
440 449 496 535 652 729 795 #SUP: 343
440 449 496 535 729 771 795 #SUP: 343
440 449 496 535 652 729 771 795 #SUP: 343
440 449 496 535 679 729 795 #SUP: 341
440 449 496 535 652 679 729 795 #SUP: 341
440 449 496 535 679 729 771 795 #SUP: 341
440 449 496 535 652 679 729 771 795 #SUP: 341
449 496 535 729 771 795 #SUP: 345
449 496 535 652 729 771 795 #SUP: 345
449 496 535 652 729 795 #SUP: 345
449 496 535 679 795 #SUP: 345
449 496 535 652 679 795 #SUP: 345
449 496 535 679 771 795 #SUP: 345
449 496 535 652 679 771 795 #SUP: 345
449 496 535 771 795 #SUP: 347
449 496 535 652 771 795 #SUP: 347
449 496 535 652 795 #SUP: 347
440 496 535 795 #SUP: 350
440 496 535 652 795 #SUP: 350
440 496 535 771 795 #SUP: 350
440 496 535 652 771 795 #SUP: 350
440 496 535 679 795 #SUP: 348
440 496 535 652 679 795 #SUP: 348
440 496 535 679 771 795 #SUP: 348
440 496 535 652 679 771 795 #SUP: 348
496 535 729 795 #SUP: 351
496 535 679 729 795 #SUP: 349
496 535 652 679 729 795 #SUP: 349
496 535 679 729 771 795 #SUP: 349
496 535 652 679 729 771 795 #SUP: 349
440 496 535 729 795 #SUP: 349
440 496 535 652 729 795 #SUP: 349
440 496 535 729 771 795 #SUP: 349
440 496 535 652 729 771 795 #SUP: 349
440 496 535 679 729 795 #SUP: 347
440 496 535 652 679 729 795 #SUP: 347
440 496 535 679 729 771 795 #SUP: 347
440 496 535 652 679 729 771 795 #SUP: 347
496 535 729 771 795 #SUP: 351
496 535 652 729 771 795 #SUP: 351
496 535 652 729 795 #SUP: 351
496 535 679 795 #SUP: 351
496 535 652 679 795 #SUP: 351
496 535 679 771 795 #SUP: 351
496 535 652 679 771 795 #SUP: 351
496 535 771 795 #SUP: 353
496 535 652 771 795 #SUP: 353
496 535 652 795 #SUP: 353
449 496 535 #SUP: 353
440 449 496 535 #SUP: 350
440 449 496 535 652 #SUP: 350
440 449 496 535 771 #SUP: 350
440 449 496 535 652 771 #SUP: 350
440 449 496 535 679 #SUP: 348
440 449 496 535 652 679 #SUP: 348
440 449 496 535 679 771 #SUP: 348
440 449 496 535 652 679 771 #SUP: 348
449 496 535 729 #SUP: 351
449 496 535 679 729 #SUP: 349
449 496 535 652 679 729 #SUP: 349
449 496 535 679 729 771 #SUP: 349
449 496 535 652 679 729 771 #SUP: 349
440 449 496 535 729 #SUP: 349
440 449 496 535 652 729 #SUP: 349
440 449 496 535 729 771 #SUP: 349
440 449 496 535 652 729 771 #SUP: 349
440 449 496 535 679 729 #SUP: 347
440 449 496 535 652 679 729 #SUP: 347
440 449 496 535 679 729 771 #SUP: 347
440 449 496 535 652 679 729 771 #SUP: 347
449 496 535 729 771 #SUP: 351
449 496 535 652 729 771 #SUP: 351
449 496 535 652 729 #SUP: 351
449 496 535 679 #SUP: 351
449 496 535 652 679 #SUP: 351
449 496 535 679 771 #SUP: 351
449 496 535 652 679 771 #SUP: 351
449 496 535 771 #SUP: 353
449 496 535 652 771 #SUP: 353
449 496 535 652 #SUP: 353
440 496 535 #SUP: 356
440 496 535 652 #SUP: 356
440 496 535 771 #SUP: 356
440 496 535 652 771 #SUP: 356
440 496 535 679 #SUP: 354
440 496 535 652 679 #SUP: 354
440 496 535 679 771 #SUP: 354
440 496 535 652 679 771 #SUP: 354
496 535 729 #SUP: 357
496 535 679 729 #SUP: 355
496 535 652 679 729 #SUP: 355
496 535 679 729 771 #SUP: 355
496 535 652 679 729 771 #SUP: 355
440 496 535 729 #SUP: 355
440 496 535 652 729 #SUP: 355
440 496 535 729 771 #SUP: 355
440 496 535 652 729 771 #SUP: 355
440 496 535 679 729 #SUP: 353
440 496 535 652 679 729 #SUP: 353
440 496 535 679 729 771 #SUP: 353
440 496 535 652 679 729 771 #SUP: 353
496 535 729 771 #SUP: 357
496 535 652 729 771 #SUP: 357
496 535 652 729 #SUP: 357
496 535 679 #SUP: 357
496 535 652 679 #SUP: 357
496 535 679 771 #SUP: 357
496 535 652 679 771 #SUP: 357
496 535 771 #SUP: 359
496 535 652 771 #SUP: 359
496 535 652 #SUP: 359
535 771 #SUP: 360
535 652 771 #SUP: 360
535 652 #SUP: 360
496 #SUP: 375
496 795 #SUP: 369
449 496 795 #SUP: 363
440 449 496 795 #SUP: 360
440 449 496 652 795 #SUP: 360
440 449 496 771 795 #SUP: 360
440 449 496 652 771 795 #SUP: 360
440 449 496 679 795 #SUP: 358
440 449 496 652 679 795 #SUP: 358
440 449 496 679 771 795 #SUP: 358
440 449 496 652 679 771 795 #SUP: 358
449 496 729 795 #SUP: 361
449 496 679 729 795 #SUP: 359
449 496 652 679 729 795 #SUP: 359
449 496 679 729 771 795 #SUP: 359
449 496 652 679 729 771 795 #SUP: 359
440 449 496 729 795 #SUP: 359
440 449 496 652 729 795 #SUP: 359
440 449 496 729 771 795 #SUP: 359
440 449 496 652 729 771 795 #SUP: 359
440 449 496 679 729 795 #SUP: 357
440 449 496 652 679 729 795 #SUP: 357
440 449 496 679 729 771 795 #SUP: 357
440 449 496 652 679 729 771 795 #SUP: 357
449 496 729 771 795 #SUP: 361
449 496 652 729 771 795 #SUP: 361
449 496 652 729 795 #SUP: 361
449 496 679 795 #SUP: 361
449 496 652 679 795 #SUP: 361
449 496 679 771 795 #SUP: 361
449 496 652 679 771 795 #SUP: 361
449 496 771 795 #SUP: 363
449 496 652 771 795 #SUP: 363
449 496 652 795 #SUP: 363
440 496 795 #SUP: 366
440 496 652 795 #SUP: 366
440 496 771 795 #SUP: 366
440 496 652 771 795 #SUP: 366
440 496 679 795 #SUP: 364
440 496 652 679 795 #SUP: 364
440 496 679 771 795 #SUP: 364
440 496 652 679 771 795 #SUP: 364
496 729 795 #SUP: 367
496 679 729 795 #SUP: 365
496 652 679 729 795 #SUP: 365
496 679 729 771 795 #SUP: 365
496 652 679 729 771 795 #SUP: 365
440 496 729 795 #SUP: 365
440 496 652 729 795 #SUP: 365
440 496 729 771 795 #SUP: 365
440 496 652 729 771 795 #SUP: 365
440 496 679 729 795 #SUP: 363
440 496 652 679 729 795 #SUP: 363
440 496 679 729 771 795 #SUP: 363
440 496 652 679 729 771 795 #SUP: 363
496 729 771 795 #SUP: 367
496 652 729 771 795 #SUP: 367
496 652 729 795 #SUP: 367
496 679 795 #SUP: 367
496 652 679 795 #SUP: 367
496 679 771 795 #SUP: 367
496 652 679 771 795 #SUP: 367
496 771 795 #SUP: 369
496 652 771 795 #SUP: 369
496 652 795 #SUP: 369
449 496 #SUP: 369
440 449 496 #SUP: 366
440 449 496 652 #SUP: 366
440 449 496 771 #SUP: 366
440 449 496 652 771 #SUP: 366
440 449 496 679 #SUP: 364
440 449 496 652 679 #SUP: 364
440 449 496 679 771 #SUP: 364
440 449 496 652 679 771 #SUP: 364
449 496 729 #SUP: 367
449 496 679 729 #SUP: 365
449 496 652 679 729 #SUP: 365
449 496 679 729 771 #SUP: 365
449 496 652 679 729 771 #SUP: 365
440 449 496 729 #SUP: 365
440 449 496 652 729 #SUP: 365
440 449 496 729 771 #SUP: 365
440 449 496 652 729 771 #SUP: 365
440 449 496 679 729 #SUP: 363
440 449 496 652 679 729 #SUP: 363
440 449 496 679 729 771 #SUP: 363
440 449 496 652 679 729 771 #SUP: 363
449 496 729 771 #SUP: 367
449 496 652 729 771 #SUP: 367
449 496 652 729 #SUP: 367
449 496 679 #SUP: 367
449 496 652 679 #SUP: 367
449 496 679 771 #SUP: 367
449 496 652 679 771 #SUP: 367
449 496 771 #SUP: 369
449 496 652 771 #SUP: 369
449 496 652 #SUP: 369
440 496 #SUP: 372
440 496 652 #SUP: 372
440 496 771 #SUP: 372
440 496 652 771 #SUP: 372
440 496 679 #SUP: 370
440 496 652 679 #SUP: 370
440 496 679 771 #SUP: 370
440 496 652 679 771 #SUP: 370
496 729 #SUP: 373
496 679 729 #SUP: 371
496 652 679 729 #SUP: 371
496 679 729 771 #SUP: 371
496 652 679 729 771 #SUP: 371
440 496 729 #SUP: 371
440 496 652 729 #SUP: 371
440 496 729 771 #SUP: 371
440 496 652 729 771 #SUP: 371
440 496 679 729 #SUP: 369
440 496 652 679 729 #SUP: 369
440 496 679 729 771 #SUP: 369
440 496 652 679 729 771 #SUP: 369
496 729 771 #SUP: 373
496 652 729 771 #SUP: 373
496 652 729 #SUP: 373
496 679 #SUP: 373
496 652 679 #SUP: 373
496 679 771 #SUP: 373
496 652 679 771 #SUP: 373
496 771 #SUP: 375
496 652 771 #SUP: 375
496 652 #SUP: 375
795 #SUP: 402
449 795 #SUP: 395
449 729 795 #SUP: 392
449 679 729 795 #SUP: 390
449 652 679 729 795 #SUP: 390
449 679 729 771 795 #SUP: 390
449 652 679 729 771 795 #SUP: 390
440 449 729 795 #SUP: 390
440 449 652 729 795 #SUP: 390
440 449 729 771 795 #SUP: 390
440 449 652 729 771 795 #SUP: 390
440 449 679 729 795 #SUP: 388
440 449 652 679 729 795 #SUP: 388
440 449 679 729 771 795 #SUP: 388
440 449 652 679 729 771 795 #SUP: 388
449 729 771 795 #SUP: 392
449 652 729 771 795 #SUP: 392
449 652 729 795 #SUP: 392
440 449 795 #SUP: 392
440 449 679 795 #SUP: 390
440 449 652 679 795 #SUP: 390
440 449 679 771 795 #SUP: 389
440 449 652 679 771 795 #SUP: 389
440 449 771 795 #SUP: 391
440 449 652 771 795 #SUP: 391
440 449 652 795 #SUP: 392
449 679 795 #SUP: 393
449 652 679 795 #SUP: 393
449 679 771 795 #SUP: 392
449 652 679 771 795 #SUP: 392
449 771 795 #SUP: 394
449 652 771 795 #SUP: 394
449 652 795 #SUP: 395
729 795 #SUP: 399
679 729 795 #SUP: 397
652 679 729 795 #SUP: 397
679 729 771 795 #SUP: 397
652 679 729 771 795 #SUP: 397
440 729 795 #SUP: 397
440 652 729 795 #SUP: 397
440 729 771 795 #SUP: 397
440 652 729 771 795 #SUP: 397
440 679 729 795 #SUP: 395
440 652 679 729 795 #SUP: 395
440 679 729 771 795 #SUP: 395
440 652 679 729 771 795 #SUP: 395
729 771 795 #SUP: 399
652 729 771 795 #SUP: 399
652 729 795 #SUP: 399
440 795 #SUP: 399
440 679 795 #SUP: 397
440 652 679 795 #SUP: 397
440 679 771 795 #SUP: 396
440 652 679 771 795 #SUP: 396
440 771 795 #SUP: 398
440 652 771 795 #SUP: 398
440 652 795 #SUP: 399
679 795 #SUP: 400
652 679 795 #SUP: 400
679 771 795 #SUP: 399
652 679 771 795 #SUP: 399
771 795 #SUP: 401
652 771 795 #SUP: 401
652 795 #SUP: 402
449 #SUP: 402
449 729 #SUP: 399
449 679 729 #SUP: 397
449 652 679 729 #SUP: 397
449 679 729 771 #SUP: 397
449 652 679 729 771 #SUP: 397
440 449 729 #SUP: 397
440 449 652 729 #SUP: 397
440 449 729 771 #SUP: 397
440 449 652 729 771 #SUP: 397
440 449 679 729 #SUP: 395
440 449 652 679 729 #SUP: 395
440 449 679 729 771 #SUP: 395
440 449 652 679 729 771 #SUP: 395
449 729 771 #SUP: 399
449 652 729 771 #SUP: 399
449 652 729 #SUP: 399
440 449 #SUP: 399
440 449 679 #SUP: 397
440 449 652 679 #SUP: 397
440 449 679 771 #SUP: 396
440 449 652 679 771 #SUP: 396
440 449 771 #SUP: 398
440 449 652 771 #SUP: 398
440 449 652 #SUP: 399
449 679 #SUP: 400
449 652 679 #SUP: 400
449 679 771 #SUP: 399
449 652 679 771 #SUP: 399
449 771 #SUP: 401
449 652 771 #SUP: 401
449 652 #SUP: 402
729 #SUP: 406
679 729 #SUP: 404
652 679 729 #SUP: 404
679 729 771 #SUP: 404
652 679 729 771 #SUP: 404
440 729 #SUP: 404
440 652 729 #SUP: 404
440 729 771 #SUP: 404
440 652 729 771 #SUP: 404
440 679 729 #SUP: 402
440 652 679 729 #SUP: 402
440 679 729 771 #SUP: 402
440 652 679 729 771 #SUP: 402
729 771 #SUP: 406
652 729 771 #SUP: 406
652 729 #SUP: 406
440 #SUP: 406
440 679 #SUP: 404
440 652 679 #SUP: 404
440 679 771 #SUP: 403
440 652 679 771 #SUP: 403
440 771 #SUP: 405
440 652 771 #SUP: 405
440 652 #SUP: 406
679 #SUP: 407
652 679 #SUP: 407
679 771 #SUP: 406
652 679 771 #SUP: 406
771 #SUP: 408
652 771 #SUP: 408
652 #SUP: 409
